<?xml version="1.0" encoding="UTF-8" standalone="no"?>
<!DOCTYPE svg PUBLIC "-//W3C//DTD SVG 20010904//EN"
              "http://www.w3.org/TR/2001/REC-SVG-20010904/DTD/svg10.dtd">

<svg xmlns="http://www.w3.org/2000/svg"
     width="3.75588in" height="3.75588in"
     viewBox="0 0 338 338">
  <path id="Sélection"
        fill="none" stroke="black" stroke-width="1"
        d="M 338.00,0.00
           C 338.00,0.00 338.00,338.00 338.00,338.00
             338.00,338.00 0.00,338.00 0.00,338.00
             0.00,338.00 0.00,0.00 0.00,0.00
             0.00,0.00 338.00,0.00 338.00,0.00 Z
           M 35.00,58.00
           C 35.00,58.00 35.00,144.00 35.00,144.00
             35.00,144.00 35.00,277.00 35.00,277.00
             35.01,280.40 34.93,283.72 35.99,287.00
             38.46,294.61 47.25,300.33 55.00,301.04
             55.00,301.04 67.00,301.04 67.00,301.04
             67.00,301.04 247.00,301.04 247.00,301.04
             247.00,301.04 273.00,301.04 273.00,301.04
             277.30,301.00 284.12,301.43 288.00,300.03
             294.43,297.71 298.96,292.49 300.83,286.00
             302.03,281.83 301.99,279.23 302.00,275.00
             302.00,275.00 302.00,90.00 302.00,90.00
             302.00,80.68 302.75,60.01 300.98,52.00
             300.11,48.02 297.80,41.35 294.73,38.64
             290.09,34.54 283.86,34.01 278.00,34.11
             278.00,34.11 129.00,34.11 129.00,34.11
             129.00,34.11 53.00,34.11 53.00,34.11
             40.00,37.44 35.02,45.07 35.00,58.00 Z
           M 154.00,95.15
           C 154.00,95.15 201.00,95.15 201.00,95.15
             221.28,95.00 237.45,92.46 254.00,107.18
             257.25,110.08 260.06,113.44 262.56,117.00
             270.09,127.72 270.41,136.63 272.13,149.00
             272.13,149.00 277.15,194.00 277.15,194.00
             278.13,202.18 280.91,219.67 279.68,227.00
             277.58,239.45 265.50,248.67 253.00,247.91
             239.02,247.05 234.82,239.34 228.00,229.00
             228.00,229.00 215.67,210.00 215.67,210.00
             213.64,206.94 209.58,199.62 206.82,197.89
             203.90,196.07 196.51,196.01 193.00,196.00
             193.00,196.00 143.00,196.00 143.00,196.00
             140.64,196.00 137.21,195.87 135.04,196.74
             130.62,198.51 125.39,207.84 122.81,212.00
             122.81,212.00 113.00,227.00 113.00,227.00
             106.96,236.17 102.99,244.72 91.00,247.47
             78.18,250.41 64.44,242.69 60.79,230.00
             59.86,226.78 59.97,223.32 60.00,220.00
             60.00,220.00 64.85,174.00 64.85,174.00
             64.85,174.00 67.72,150.00 67.72,150.00
             67.72,150.00 69.68,134.00 69.68,134.00
             72.67,121.02 82.33,107.74 94.00,101.31
             99.24,98.43 104.19,96.75 110.00,95.15
             110.00,95.15 154.00,95.15 154.00,95.15 Z
           M 126.40,123.31
           C 124.88,120.20 115.03,120.06 113.02,122.60
             111.44,124.60 112.00,135.00 112.00,138.00
             112.00,138.00 95.00,138.00 95.00,138.00
             95.00,138.00 95.00,153.00 95.00,153.00
             95.00,153.00 112.00,153.00 112.00,153.00
             112.00,153.00 112.00,170.00 112.00,170.00
             112.00,170.00 127.00,170.00 127.00,170.00
             127.00,170.00 127.00,153.00 127.00,153.00
             127.00,153.00 144.00,153.00 144.00,153.00
             144.00,153.00 144.00,138.00 144.00,138.00
             144.00,138.00 127.00,138.00 127.00,138.00
             127.00,135.25 127.34,125.23 126.40,123.31 Z
           M 225.99,135.53
           C 232.89,134.01 234.26,124.52 225.00,121.91
             214.16,123.14 217.55,137.39 225.99,135.53 Z
           M 208.00,152.59
           C 215.50,152.25 218.72,140.57 208.00,138.68
             196.86,140.64 200.13,152.94 208.00,152.59 Z
           M 242.98,152.34
           C 250.35,150.82 251.58,139.34 241.01,138.58
             229.95,141.54 234.59,154.07 242.98,152.34 Z
           M 225.99,168.64
           C 232.92,167.29 234.28,156.18 224.01,155.62
             214.20,158.99 218.32,170.14 225.99,168.64 Z
           M 152.00,268.82
           C 147.43,268.47 140.02,266.54 136.00,264.35
             132.64,262.52 129.67,259.81 127.10,257.00
             116.86,245.77 118.57,228.06 130.02,218.33
             142.85,207.42 166.64,206.62 178.00,220.00
             178.00,220.00 156.00,240.00 156.00,240.00
             160.94,242.65 174.61,254.48 178.00,259.00
             170.96,265.40 161.76,269.56 152.00,268.82 Z
           M 146.02,220.87
           C 135.91,222.59 144.35,237.32 150.00,229.00
             147.08,229.48 140.86,228.81 143.74,224.31
             144.86,222.57 148.12,221.84 150.00,220.87
             148.54,220.78 147.56,220.47 146.02,220.87 Z
           M 151.00,228.00
           C 151.00,228.00 153.00,228.00 153.00,228.00
             153.00,228.00 151.00,222.00 151.00,222.00
             151.00,222.00 151.00,228.00 151.00,228.00 Z
           M 151.00,229.00
           C 151.00,229.00 152.00,230.00 152.00,230.00
             152.00,230.00 152.00,229.00 152.00,229.00
             152.00,229.00 151.00,229.00 151.00,229.00 Z
           M 184.96,229.70
           C 194.09,233.33 189.38,248.56 180.01,246.53
             173.70,245.16 168.75,234.34 179.04,229.70
             181.26,229.24 182.71,228.86 184.96,229.70 Z
           M 209.57,231.57
           C 214.04,235.96 211.72,244.16 205.98,246.25
             197.70,249.26 188.02,236.44 200.02,229.74
             203.59,228.91 206.71,228.76 209.57,231.57 Z" />
</svg>
